15:46:12,-0.53,-0.34,-0.81
15:46:12,-0.50,-0.33,-0.82
15:46:12,-0.50,-0.34,-0.82
15:46:12,-0.49,-0.34,-0.80
15:46:12,-0.49,-0.38,-0.79
15:46:12,-0.51,-0.38,-0.80
15:46:12,-0.48,-0.39,-0.81
15:46:12,-0.48,-0.43,-0.78
15:46:12,-0.49,-0.43,-0.78
15:46:13,-0.44,-0.47,-0.79
15:46:13,-0.47,-0.45,-0.77
15:46:13,-0.43,-0.44,-0.72
15:46:13,-0.52,-0.41,-0.78
15:46:13,-0.46,-0.47,-0.77
15:46:13,-0.35,-0.55,-0.76
15:46:13,-0.46,-0.51,-0.73
15:46:13,-0.42,-0.54,-0.75
15:46:13,-0.42,-0.54,-0.76
15:46:13,-0.44,-0.53,-0.76
15:46:45,-0.62,-0.04,-0.76
15:46:45,-0.60,-0.05,-0.80
15:46:45,-0.62,0.01,-0.82
15:46:45,-0.62,-0.09,-0.79
15:46:45,-0.63,-0.05,-0.78
15:46:46,-0.58,-0.08,-0.79
15:46:46,-0.64,-0.05,-0.76
15:46:46,-0.68,-0.06,-0.77
15:46:46,-0.69,0.07,-0.79
15:46:46,-0.67,-0.02,-0.77
15:46:46,-0.61,0.04,-0.81
15:46:46,-0.64,0.06,-0.75
15:46:46,-0.65,0.04,-0.75
15:46:46,-0.63,0.09,-0.78
15:46:46,-0.65,0.05,-0.76
15:46:47,-0.64,0.05,-0.74
15:46:47,-0.63,0.03,-0.77
15:46:47,-0.66,0.04,-0.76
15:46:47,-0.68,0.02,-0.70
15:46:55,-0.69,-0.06,-0.74
15:46:55,-0.71,-0.06,-0.72
15:46:55,-0.71,-0.04,-0.69
15:46:55,-0.70,-0.04,-0.71
15:46:55,-0.70,-0.00,-0.71
15:46:55,-0.70,-0.07,-0.70
15:46:55,-0.71,-0.02,-0.71
15:46:55,-0.71,-0.05,-0.69
15:46:55,-0.73,0.02,-0.68
15:46:55,-0.74,0.00,-0.66
15:46:56,-0.76,-0.12,-0.73
15:46:56,-0.69,-0.05,-0.68
15:46:56,-0.70,-0.06,-0.81
15:46:56,-0.73,-0.09,-0.72
15:46:56,-0.73,-0.10,-0.70
15:46:56,-0.69,-0.10,-0.72
15:46:56,-0.69,-0.09,-0.73
15:46:56,-0.68,-0.10,-0.70
15:46:56,-0.75,-0.03,-0.74
15:47:14,-0.37,0.57,0.94
15:47:14,-0.60,0.42,0.68
15:47:14,-0.51,0.42,0.86
15:47:14,-0.46,0.44,0.81
15:47:14,-0.49,0.40,0.65
15:47:15,-0.40,0.49,0.71
15:47:15,-0.35,0.44,0.65
15:47:15,-0.58,0.49,0.65
15:47:15,-0.41,0.49,0.54
15:47:15,-0.56,0.64,0.61
15:47:15,-0.59,0.61,0.54
15:47:15,-0.58,0.56,0.55
15:47:15,-0.55,0.55,0.57
15:47:15,-0.55,0.55,0.55
15:47:15,-0.58,0.54,0.55
15:47:16,-0.62,0.50,0.52
15:47:16,-0.62,0.39,0.58
15:47:16,-0.59,0.50,0.52
15:47:16,-0.59,0.56,0.55
15:47:16,-0.68,0.49,0.56
15:47:16,-0.59,0.49,0.47
15:47:16,-0.60,0.60,0.48
15:47:16,-0.41,0.62,0.73
15:47:16,-0.51,0.62,0.48
15:47:16,-0.57,0.66,0.40
15:47:17,-0.58,0.67,0.42
15:47:17,-0.56,0.71,0.36
15:47:17,-0.05,1.79,0.10
15:47:17,-0.64,0.84,0.41
15:47:17,-0.60,0.67,0.40
15:47:17,-0.65,0.67,0.55
16:37:49,-0.63,0.62,-0.35
16:37:49,-0.92,0.75,-0.36
16:37:49,-0.84,0.86,-0.24
16:37:49,-0.35,0.86,-0.19
16:37:49,-0.19,0.88,-0.19
16:37:49,-0.43,0.91,-0.19
16:37:49,-0.51,0.79,-0.22
16:37:49,-0.83,0.73,-0.21
16:37:50,-0.30,0.97,-0.31
16:37:50,-0.67,1.00,-0.47
16:37:50,-0.22,0.86,-0.41
16:37:50,0.01,0.92,-0.14
16:37:50,0.06,1.07,-0.01
16:37:50,0.13,0.93,0.31
16:37:50,0.34,0.94,-0.10
16:37:50,0.15,1.01,-0.02
16:37:50,0.35,0.93,0.02
16:37:50,0.05,0.87,0.04
16:37:51,-0.19,0.78,0.01
16:37:51,-0.27,0.79,-0.05
16:37:51,-0.16,1.10,-0.19
16:37:51,-0.21,1.04,-0.10
16:37:51,-0.05,0.81,-0.14
16:37:51,-0.28,1.01,-0.21
16:37:51,-0.36,0.90,-0.38
16:37:51,-0.25,0.98,-0.36
16:37:51,-0.44,0.87,-0.14
16:37:51,-0.41,0.84,-0.17
16:37:52,-0.41,0.84,-0.21
16:37:52,-0.18,1.06,0.06
16:37:52,-0.20,0.92,-0.42
16:37:52,-0.22,0.87,-0.43
16:37:52,-0.22,0.87,-0.42
16:37:52,-0.22,0.88,-0.41
16:37:52,-0.25,0.83,-0.43
16:37:52,-0.03,0.55,-0.25
16:37:52,-0.66,0.43,-1.26
16:37:52,-0.29,0.37,-0.89
16:37:53,-0.30,0.36,-0.89
16:37:53,-0.29,0.36,-0.87
16:37:53,-0.28,0.36,-0.89
16:37:53,-0.29,0.36,-0.88
16:37:53,-0.28,0.36,-0.88
16:37:53,-0.29,0.35,-0.89
16:37:53,-0.29,0.36,-0.89
16:37:53,-0.30,0.36,-0.88
16:37:53,-0.29,0.36,-0.88
16:37:53,-0.28,0.36,-0.88
16:37:54,-0.29,0.36,-0.89
16:37:54,-0.28,0.36,-0.89
16:37:54,-0.29,0.36,-0.89
16:37:54,-0.29,0.36,-0.88
16:37:54,-0.30,0.36,-0.89
16:37:54,-0.29,0.36,-0.89
16:37:54,-0.30,0.35,-0.89
16:37:54,-0.29,0.36,-0.88
16:37:54,-0.29,0.35,-0.88
16:37:59,-0.65,0.11,-0.74
16:37:59,-0.65,0.10,-0.76
16:37:59,-0.65,0.11,-0.75
16:37:59,-0.64,0.10,-0.77
16:37:59,-0.65,0.11,-0.74
16:38:0,-0.65,0.11,-0.75
16:38:0,-0.66,0.11,-0.74
16:38:0,-0.65,0.10,-0.76
16:38:0,-0.66,0.11,-0.76
16:38:0,-0.66,0.10,-0.75
16:38:0,-0.66,0.11,-0.75
16:38:0,-0.66,0.10,-0.75
16:38:0,-0.65,0.11,-0.75
16:38:0,-0.66,0.10,-0.75
16:38:0,-0.65,0.11,-0.76
16:38:1,-0.66,0.10,-0.75
16:38:1,-0.66,0.13,-0.76
16:38:1,-0.65,0.10,-0.76
16:38:1,-0.67,0.11,-0.74
16:38:35,-0.92,-0.19,-0.32
16:38:35,-0.92,-0.20,-0.33
16:38:35,-0.97,-0.16,-0.32
16:38:35,-0.92,-0.11,-0.34
16:38:35,-0.92,-0.13,-0.35
16:38:36,-0.94,-0.15,-0.34
16:38:36,-0.95,-0.17,-0.28
16:38:36,-0.94,-0.10,-0.30
16:38:36,-0.92,-0.16,-0.35
16:38:36,-0.91,-0.17,-0.35
16:38:36,-0.92,-0.15,-0.32
16:38:36,-0.93,-0.14,-0.35
16:38:36,-0.93,-0.14,-0.32
16:38:36,-0.92,-0.14,-0.33
16:38:36,-0.95,-0.14,-0.36
16:38:37,-0.93,-0.17,-0.34
16:38:37,-0.92,-0.14,-0.35
16:38:37,-0.92,-0.15,-0.34
16:38:37,-0.93,-0.19,-0.36
