14:27:25,24.8,23.6,23.2,23.9,60,400,3472
14:28:26,24.7,23.2,23.1,23.7,60,400,3456
14:29:27,24.5,23.1,22.8,23.5,61,451,3469
14:30:29,24.3,23.1,22.8,23.5,60,434,3456
14:31:30,24.3,23.0,22.6,23.3,61,415,3453
14:32:31,24.1,23.0,22.6,23.3,61,400,3469
14:33:32,24.0,22.8,22.4,23.1,61,400,3461
14:34:34,23.9,22.8,22.3,23.1,61,400,3464
14:35:35,24.0,23.1,22.3,23.6,61,400,3404
14:36:36,29.1,24.3,23.2,24.3,62,1372,3450
14:38:10,31.9,25.7,24.7,25.5,65,0,3469
14:39:11,32.8,26.5,25.3,26.1,68,0,3453
14:40:12,33.5,27.4,26.0,26.9,68,0,3478
14:41:12,33.9,28.1,26.6,27.6,68,400,3456
14:42:13,34.2,28.9,27.3,28.2,67,481,3458
14:43:13,34.6,29.3,27.8,28.8,66,575,3486
14:44:14,34.9,30.0,28.3,29.2,65,688,3448
14:45:14,35.1,30.6,28.7,29.8,64,798,3464
14:46:14,35.3,30.9,29.2,30.1,63,920,3464
14:47:14,35.6,31.3,29.4,30.4,62,1053,3472
14:48:14,35.6,31.7,29.8,30.8,61,1171,3478
14:49:14,35.9,32.0,30.1,31.1,60,1313,3480
14:50:15,36.0,32.4,30.3,31.3,60,1441,3472
14:51:15,36.2,32.5,30.6,31.5,59,1565,3467
14:52:15,36.3,32.8,30.8,31.9,58,1688,3478
14:53:15,36.5,33.0,31.0,32.0,57,1820,3467
14:54:15,36.5,33.2,31.3,32.1,57,1916,3483
14:55:14,36.6,33.3,31.4,32.2,57,2041,3461
14:56:14,36.7,33.5,31.6,32.4,56,2158,3472
14:57:14,36.7,33.8,31.8,32.6,56,2240,3464
14:58:14,35.5,32.7,31.4,32.0,55,2158,3464
14:59:14,33.7,31.8,31.9,32.7,53,2017,3475
15:0:14,32.7,31.3,32.4,33.3,53,1884,3475
15:1:14,32.0,30.7,32.6,33.5,53,1773,3472
15:2:15,31.4,30.4,32.7,33.7,53,1639,3458
15:3:15,31.0,29.9,32.7,33.8,53,1565,3478
15:4:15,30.7,29.7,32.6,33.8,53,1478,3467
15:5:15,30.5,29.5,32.7,33.7,53,1393,3478
15:6:15,30.2,29.3,32.6,33.7,53,1330,3469
15:7:16,30.1,29.1,32.5,33.7,53,1285,3480
15:8:16,29.8,29.0,32.4,33.7,53,1228,3486
15:9:16,29.7,28.8,32.4,33.8,53,1184,3489
15:10:17,29.6,28.9,32.3,33.7,53,1131,3478
15:11:17,29.5,28.7,32.3,33.5,53,1110,3483
15:12:17,29.4,28.6,32.2,33.5,54,1065,3500
15:13:18,29.3,28.5,32.1,33.4,54,1044,3475
15:14:18,29.2,28.5,32.0,33.4,54,1004,3486
15:15:18,29.1,28.5,32.1,33.3,54,981,3497
15:16:19,29.2,28.3,31.9,33.4,54,954,3486
15:17:19,29.1,28.3,32.0,33.3,54,930,3472
15:18:19,29.1,28.3,31.9,33.3,54,920,3497
15:19:20,29.0,28.2,32.0,33.2,54,895,3464
15:20:20,29.0,28.2,32.0,33.2,54,885,3486
15:21:21,29.0,28.2,31.9,33.2,54,880,3478
15:22:21,28.9,28.2,31.9,33.2,54,848,3478
15:23:21,28.9,28.1,32.0,33.2,54,840,3483
15:24:22,28.9,28.2,32.0,33.2,54,832,3469
15:25:22,28.8,28.1,31.8,33.2,54,813,3483
15:26:23,28.8,28.0,31.9,33.1,54,793,3491
15:27:23,28.8,28.1,31.8,33.1,54,793,3475
15:28:23,28.9,28.1,31.8,33.2,54,774,3480
15:29:24,28.8,28.1,31.7,33.0,54,759,3480
15:30:24,28.8,27.9,31.8,33.0,54,744,3486
15:31:25,28.8,28.0,31.9,32.9,54,735,3489
15:32:25,28.8,28.0,31.8,32.9,54,726,3500
15:33:25,28.8,27.8,31.7,33.1,54,714,3478
15:34:26,28.6,28.1,31.3,32.0,54,675,3467
15:35:26,28.5,29.0,31.5,31.1,54,688,3489
15:36:27,28.5,29.6,31.8,30.5,54,672,3475
15:38:20,28.6,30.3,32.0,29.7,54,0,3483
15:39:20,28.6,30.4,32.0,29.2,54,0,3480
15:40:21,28.7,30.7,32.1,29.1,54,0,3494
15:41:21,28.7,30.8,32.0,29.0,53,400,3491
15:42:22,28.7,30.9,32.0,28.8,53,400,3475
15:43:22,28.8,31.1,32.0,28.7,53,400,3510
15:44:23,28.6,31.1,32.1,28.6,53,400,3483
15:45:23,28.5,31.0,32.0,28.6,53,400,3478
15:46:24,28.4,30.6,31.7,28.4,52,400,3478
15:47:24,28.1,30.1,31.6,28.8,53,400,3478
15:48:25,28.1,29.3,31.4,29.2,53,400,3483
15:49:25,27.9,28.3,31.0,29.5,53,400,3464
15:50:26,27.6,27.8,30.8,29.5,54,400,3475
15:51:26,27.4,27.2,30.3,29.7,54,400,3500
15:52:27,27.3,26.9,30.3,29.6,55,400,3483
15:53:28,27.1,26.7,30.0,29.7,56,400,3475
15:54:28,27.0,26.3,29.8,29.5,56,400,3475
15:55:29,26.8,26.1,29.7,29.6,56,400,3478
15:56:30,26.8,26.0,29.6,29.6,57,400,3469
15:57:30,26.6,25.8,29.4,29.5,57,400,3500
15:58:31,26.4,25.7,29.3,29.3,58,400,3469
15:59:32,26.4,25.6,29.2,29.3,59,400,3475
16:0:33,26.3,25.5,29.1,29.3,59,400,3480
16:1:33,26.2,25.3,29.1,29.2,59,400,3478
16:2:34,26.1,25.2,28.8,29.0,59,400,3469
16:3:35,26.0,25.1,28.9,29.0,60,400,3475
16:4:36,25.9,25.1,28.8,29.0,60,400,3464
16:5:37,25.9,25.0,28.8,29.0,60,400,3475
16:6:38,25.8,25.1,28.6,28.8,61,400,3486
16:7:38,25.7,25.0,28.5,28.8,61,400,3480
16:8:39,25.8,24.9,28.6,28.7,61,400,3469
16:9:40,25.7,25.0,28.6,28.7,61,400,3472
16:10:41,25.6,24.8,28.5,28.6,61,400,3483
16:11:42,25.6,24.8,28.4,28.6,61,400,3480
16:12:43,25.6,24.6,28.2,28.6,62,400,3483
16:13:43,25.5,24.6,28.3,28.5,62,400,3478
16:14:44,25.5,24.7,28.1,28.6,62,400,3480
16:15:45,25.5,24.6,28.3,28.4,62,400,3464
16:16:46,25.5,24.6,28.1,28.4,62,400,3475
16:17:47,25.4,24.5,28.1,28.4,63,400,3483
16:18:48,25.4,24.6,28.1,28.3,63,400,3500
16:19:49,25.4,24.5,28.0,28.3,63,400,3472
16:20:50,25.3,24.4,28.1,28.4,63,400,3489
16:21:51,25.3,24.5,28.0,28.2,63,400,3483
16:22:51,25.4,24.4,28.0,28.2,63,400,3483
16:23:52,25.3,24.4,27.9,28.3,63,400,3472
16:24:53,25.3,24.3,27.8,28.1,63,400,3483
16:25:54,25.3,24.4,27.9,28.2,63,400,3500
16:26:55,25.2,24.3,27.9,28.0,63,400,3489
16:27:56,25.2,24.2,27.8,28.1,64,400,3469
16:28:57,25.2,24.2,27.7,27.8,64,400,3478
16:29:58,25.1,24.3,27.7,27.8,64,400,3475
16:30:59,25.0,24.3,27.6,27.7,64,400,3464
16:32:0,25.0,24.2,27.4,27.5,64,400,3453
16:33:1,25.0,24.2,27.3,27.4,64,400,3464
16:34:2,24.9,24.1,27.2,27.3,64,400,3467
16:35:3,24.7,24.1,27.1,27.2,64,400,3478
16:36:4,24.7,24.0,27.0,27.1,64,400,3475
16:37:5,24.7,23.9,27.0,27.2,64,400,3450
16:38:6,24.7,24.1,27.0,27.0,64,400,3439
16:39:7,24.7,24.6,30.5,27.5,65,478,3469
16:40:8,24.6,25.0,33.1,28.3,66,537,3469
16:41:9,24.8,25.5,34.3,29.3,66,584,3464
16:42:9,25.0,25.9,34.8,30.2,66,646,3486
16:43:10,25.1,26.2,35.1,30.9,64,714,3478
16:44:11,25.3,26.7,35.2,31.5,63,791,3472
16:45:11,25.8,27.0,35.4,32.0,62,865,3478
16:46:12,25.9,27.3,35.5,32.4,61,933,3472
16:47:12,26.0,27.7,35.5,32.7,61,1004,3486
16:48:13,26.4,27.9,35.9,32.8,60,1071,3469
16:49:13,26.5,28.0,35.8,33.0,60,1144,3472
16:50:14,26.5,28.2,36.1,33.2,59,1224,3472
16:51:14,26.8,28.4,35.9,33.4,59,1288,3469
16:52:14,26.8,28.4,35.9,33.6,58,1356,3469
16:53:15,26.9,28.5,36.2,33.3,58,1420,3464
16:54:15,27.1,28.6,36.0,33.2,58,1465,3467
16:55:16,27.3,28.6,33.9,31.9,57,1465,3469
16:56:16,27.3,28.4,32.2,31.0,56,1393,3464
16:57:16,27.3,28.2,30.8,30.2,55,1313,3469
16:58:17,27.1,27.8,29.9,29.6,56,1231,3475
16:59:17,26.8,27.5,28.9,28.8,56,1144,3483
17:0:18,26.4,27.1,28.2,28.1,56,1065,3480
17:1:19,26.2,26.6,27.7,27.7,56,959,3464
17:2:20,25.9,26.5,27.3,27.3,57,887,3475
17:3:21,25.6,26.1,26.8,26.9,57,817,3480
17:4:21,25.3,25.8,26.3,26.5,57,761,3480
17:5:22,25.0,25.5,26.0,26.1,57,699,3475
17:6:23,24.8,25.2,25.8,25.8,57,643,3475
17:7:24,24.5,25.0,25.3,25.5,58,594,3478
17:8:25,24.3,24.7,25.1,25.3,58,549,3478
17:9:26,24.0,24.5,25.0,25.1,58,514,3469
17:10:28,23.8,24.2,24.8,24.8,58,473,3464
17:11:29,23.5,24.0,24.5,24.7,58,445,3480
17:12:30,23.3,23.8,24.3,24.4,58,416,3456
17:13:31,23.2,23.7,24.1,24.2,59,400,3464
17:14:32,23.0,23.4,24.0,24.1,58,400,3478
17:15:34,22.9,23.3,23.8,23.8,59,446,3472
17:16:35,22.6,23.1,23.6,23.7,59,418,3469
17:17:36,22.5,22.9,23.5,23.5,59,400,3467
17:18:38,22.4,22.8,23.4,23.3,59,400,3483
17:19:39,22.2,22.7,23.1,23.2,59,400,3472
17:20:40,22.0,22.6,23.1,23.1,60,400,3475
17:21:42,22.0,22.3,23.0,22.9,59,400,3467
17:22:43,21.8,22.2,22.8,22.8,60,400,3467
17:23:45,21.7,22.1,22.7,22.8,60,400,3464
17:24:46,21.7,22.0,22.6,22.5,60,400,3467
17:25:47,21.5,21.9,22.5,22.5,60,400,3456
17:26:49,21.3,21.8,22.5,22.5,60,400,3467
17:27:50,21.1,21.8,22.4,22.3,60,400,3472
17:28:52,21.1,21.6,22.3,22.3,60,400,3442
17:29:53,21.0,21.5,22.2,22.2,60,400,3458
17:30:55,20.9,21.4,22.0,22.0,61,400,3453
17:31:56,20.9,21.2,21.9,22.0,61,400,3472
17:32:58,20.7,21.1,21.9,21.8,61,400,3442
17:34:0,20.7,21.1,21.7,21.6,61,400,3450
17:35:1,20.5,21.0,21.7,21.7,61,400,3445
17:36:3,20.4,20.8,21.7,21.6,61,400,3450
17:37:4,20.4,20.8,21.5,21.5,61,400,3467
17:39:28,20.2,20.6,21.3,21.3,61,0,3450
17:40:29,20.2,20.5,21.4,21.2,62,0,3461
17:41:31,20.1,20.6,21.3,21.2,62,0,3456
17:42:33,20.1,20.4,21.1,21.2,62,400,3464
17:43:34,19.9,20.3,21.1,21.0,62,400,3450
17:44:36,19.9,20.2,21.0,20.9,62,400,3467
17:45:38,19.9,20.2,21.0,20.9,62,400,3461
17:46:39,19.9,20.1,21.0,20.9,63,400,3453
17:47:41,19.7,20.1,20.9,20.8,63,400,3450
17:48:43,19.6,20.0,20.9,20.8,63,400,3456
17:49:44,19.5,19.9,20.8,20.7,63,400,3448
17:50:46,19.6,19.9,20.7,20.7,63,400,3453
17:51:48,19.5,19.8,20.7,20.6,63,400,3456
17:52:50,19.5,19.8,20.6,20.5,64,400,3461
17:53:51,19.4,19.7,20.6,20.5,64,400,3458
17:54:53,19.4,19.6,20.5,20.4,64,400,3472
17:55:55,19.3,19.5,20.6,20.5,64,400,3464
17:56:57,19.3,19.6,20.6,20.4,64,400,3448
17:57:58,19.2,19.5,20.5,20.4,64,400,3450
17:59:0,19.2,19.5,20.3,20.3,64,400,3464
18:0:2,19.2,19.4,20.4,20.4,64,400,3456
18:1:4,19.1,19.4,20.3,20.3,65,400,3450
18:2:5,19.0,19.4,20.2,20.1,65,400,3453
18:3:7,19.0,19.3,20.4,20.1,65,400,3445
18:4:9,19.0,19.3,20.3,20.1,65,400,3442
18:5:11,19.0,19.2,20.1,20.1,65,400,3458
18:6:13,18.9,19.1,20.1,20.0,65,400,3442
18:7:14,18.9,19.1,20.1,19.9,65,400,3456
18:8:16,18.8,19.1,20.1,20.0,65,400,3456
18:9:18,18.7,19.2,20.0,19.9,66,400,3442
18:10:20,18.8,19.0,19.9,19.9,66,400,3431
18:11:22,18.7,18.9,20.0,19.9,66,400,3442
18:12:23,18.7,18.9,19.9,19.8,66,400,3458
18:13:25,18.6,19.0,20.0,19.8,66,400,3439
18:14:27,18.6,18.8,19.8,19.7,66,400,3450
18:15:29,18.5,18.8,19.8,19.6,66,400,3439
18:16:31,18.6,18.8,19.8,19.7,66,400,3442
18:17:33,18.6,18.7,19.7,19.7,66,400,3461
18:18:35,18.5,18.6,19.7,19.6,67,400,3453
18:19:36,18.5,18.7,19.7,19.6,66,400,3456
18:20:38,18.4,18.6,19.5,19.5,66,400,3448
18:21:40,18.4,18.6,19.6,19.5,66,400,3456
18:22:42,18.3,18.5,19.5,19.5,67,400,3450
18:23:44,18.3,18.5,19.5,19.4,67,400,3453
18:24:46,18.3,18.5,19.5,19.4,67,400,3450
18:25:48,18.3,18.6,19.4,19.4,67,400,3442
18:26:50,18.2,18.5,19.5,19.3,67,400,3453
18:27:52,18.2,18.4,19.5,19.3,67,400,3458
18:28:53,18.2,18.4,19.5,19.3,67,400,3439
18:29:55,18.1,18.3,19.4,19.2,67,400,3448
18:30:57,18.2,18.3,19.3,19.2,68,400,3450
18:31:59,18.1,18.2,19.4,19.2,67,400,3428
18:33:1,18.0,18.2,19.3,19.1,68,400,3448
18:34:3,18.1,18.2,19.2,19.1,68,400,3442
18:35:5,18.0,18.1,19.2,19.0,67,400,3431
18:36:7,17.9,18.3,19.2,19.1,68,400,3461
18:37:9,18.0,18.1,19.1,19.1,68,400,3453
18:38:11,18.0,18.0,19.1,19.0,68,400,3456
18:39:51,17.9,18.0,19.0,19.0,68,0,3456
18:40:53,17.9,18.0,19.0,18.9,68,0,3442
18:41:55,17.8,17.9,18.9,18.9,68,0,3442
18:42:57,17.8,18.0,18.9,18.8,68,400,3456
18:43:59,17.8,17.9,18.9,18.8,68,400,3467
18:45:1,17.8,17.9,18.8,18.7,68,400,3450
18:46:3,17.7,17.8,18.8,18.8,68,400,3450
18:47:5,17.7,17.8,18.8,18.7,68,400,3431
18:48:7,17.7,17.7,18.8,18.7,68,400,3450
18:49:9,17.6,17.8,18.6,18.7,69,400,3442
18:50:11,17.6,17.8,18.6,18.6,68,400,3445
18:51:13,17.6,17.6,18.7,18.6,69,400,3442
18:52:15,17.5,17.6,18.7,18.6,69,400,3437
18:53:17,17.6,17.6,18.7,18.5,69,400,3437
18:54:19,17.5,17.6,18.7,18.6,69,400,3442
18:55:21,17.5,17.6,18.6,18.5,69,400,3461
18:56:23,17.3,17.6,18.5,18.5,69,400,3442
18:57:25,17.3,17.5,18.5,18.5,69,400,3439
18:58:27,17.4,17.5,18.4,18.5,69,400,3437
18:59:29,17.4,17.5,18.4,18.4,69,400,3437
19:0:31,17.4,17.5,18.4,18.3,70,400,3437
19:1:33,17.3,17.5,18.5,18.4,70,400,3439
19:2:35,17.3,17.4,18.3,18.3,70,400,3448
19:3:37,17.2,17.3,18.5,18.2,70,400,3453
19:4:39,17.3,17.4,18.2,18.2,70,400,3448
19:5:41,17.2,17.3,18.2,18.2,70,400,3442
19:6:43,17.1,17.3,18.2,18.1,70,400,3448
19:7:46,17.1,17.2,18.2,18.2,70,400,3453
19:8:48,17.1,17.3,18.2,18.1,70,400,3431
19:9:50,17.1,17.2,18.1,18.1,70,400,3458
19:10:52,17.1,17.2,18.0,18.1,70,400,3442
19:11:54,17.0,17.1,18.0,18.0,70,400,3453
19:12:56,17.0,17.2,18.0,18.0,71,400,3461
19:13:58,17.1,17.1,18.0,18.1,71,400,3467
19:15:0,17.0,17.1,18.0,17.9,71,400,3448
19:16:2,17.0,17.1,18.0,18.0,71,400,3448
19:17:4,16.9,17.0,18.0,17.9,71,400,3450
19:18:6,16.9,17.0,17.9,17.9,71,400,3445
19:19:8,16.9,16.9,17.9,17.8,71,400,3442
19:20:10,16.8,17.0,17.9,17.9,71,400,3453
19:21:13,16.9,17.0,17.9,17.8,71,400,3456
19:22:15,16.9,16.9,17.8,17.8,71,400,3434
19:23:17,16.8,16.8,17.7,17.8,71,400,3478
19:24:19,16.8,17.0,17.8,17.7,71,400,3437
19:25:21,16.7,17.0,17.8,17.7,72,400,3456
19:26:23,16.7,16.8,17.7,17.8,72,400,3442
19:27:25,16.7,16.8,17.7,17.5,72,400,3448
19:28:27,16.7,16.8,17.6,17.6,72,400,3442
19:29:30,16.7,16.7,17.5,17.5,72,400,3445
19:30:32,16.6,16.8,17.6,17.6,72,400,3450
19:31:34,16.7,16.8,17.5,17.5,72,400,3431
19:32:36,16.6,16.8,17.5,17.5,72,400,3437
19:33:38,16.5,16.7,17.5,17.4,72,400,3450
19:34:40,16.6,16.7,17.4,17.5,72,400,3431
19:35:42,16.6,16.6,17.4,17.4,72,400,3456
19:36:45,16.5,16.7,17.5,17.4,72,400,3434
19:37:47,16.5,16.6,17.4,17.3,72,400,3461
19:38:49,16.5,16.6,17.3,17.4,72,400,3445
19:40:15,16.4,16.6,17.2,17.2,72,0,3456
19:41:17,16.4,16.5,17.4,17.2,73,0,3431
19:42:19,16.4,16.5,17.4,17.3,73,0,3442
19:43:21,16.4,16.5,17.2,17.3,72,400,3442
19:44:23,16.4,16.5,17.2,17.3,73,400,3450
19:45:25,16.3,16.4,17.2,17.2,73,400,3456
19:46:28,16.4,16.4,17.2,17.3,73,400,3409
19:47:30,16.3,16.5,17.2,17.3,73,403,3423
19:48:32,16.3,16.3,17.1,17.1,73,400,3437
19:49:34,16.4,16.3,17.2,17.1,73,400,3448
19:50:36,16.2,16.3,17.1,17.1,73,400,3442
19:51:39,16.2,16.4,17.2,17.1,73,400,3442
19:52:41,16.2,16.3,17.1,17.1,73,400,3456
19:53:43,16.2,16.4,17.1,17.1,73,400,3445
19:54:45,16.3,16.2,17.0,17.0,73,400,3453
19:55:47,16.2,16.2,17.1,17.0,73,400,3431
19:56:50,16.1,16.2,17.1,16.9,73,400,3434
19:57:52,16.1,16.2,17.1,16.9,73,400,3439
19:58:54,16.0,16.2,16.9,16.9,73,400,3453
19:59:56,16.2,16.2,17.0,16.8,73,400,3439
20:0:59,16.0,16.1,17.1,16.8,74,400,3442
20:2:1,16.1,16.2,16.8,16.8,74,400,3448
20:3:3,16.0,16.1,16.9,16.8,74,400,3445
20:4:5,16.0,16.0,16.8,16.8,74,400,3456
20:5:8,16.0,16.1,16.7,16.7,74,400,3467
20:6:10,16.0,16.0,16.6,16.7,74,400,3445
20:7:12,16.0,15.9,16.7,16.7,74,400,3431
20:8:14,16.0,16.0,16.6,16.6,74,400,3453
20:9:17,15.8,15.9,16.5,16.6,74,400,3456
20:10:19,15.8,15.8,16.6,16.5,74,400,3448
20:11:21,15.8,15.8,16.4,16.4,74,400,3437
20:12:23,15.9,15.8,16.4,16.5,74,400,3431
20:13:26,15.8,15.8,16.4,16.4,74,400,3442
20:14:28,15.7,15.8,16.3,16.4,74,400,3437
20:15:30,15.8,15.7,16.3,16.4,74,400,3445
20:16:33,15.6,15.8,16.2,16.3,74,400,3442
20:17:35,15.6,15.6,16.2,16.3,74,400,3450
20:18:37,15.7,15.7,16.2,16.3,74,400,3431
20:19:40,15.6,15.7,16.2,16.2,74,400,3420
20:20:42,15.6,15.7,16.0,16.3,74,400,3450
20:21:44,15.6,15.6,16.2,16.0,74,400,3437
20:22:46,15.6,15.6,16.1,16.1,74,400,3431
20:23:49,15.4,15.5,16.0,16.1,74,400,3450
20:24:51,15.5,15.5,16.2,16.0,75,400,3448
20:25:53,15.4,15.5,16.0,15.9,75,400,3445
20:26:56,15.4,15.5,16.0,16.0,75,400,3448
20:27:58,15.4,15.5,15.8,15.9,75,400,3431
20:29:0,15.4,15.4,16.0,16.0,75,400,3428
20:30:3,15.4,15.5,15.9,15.8,75,400,3434
20:31:5,15.3,15.3,15.8,15.9,75,400,3428
20:32:8,15.2,15.5,15.9,15.9,75,400,3442
20:33:10,15.2,15.2,15.9,15.8,75,400,3445
20:34:12,15.2,15.2,15.8,15.9,75,400,3417
20:35:15,15.2,15.3,15.7,15.8,75,400,3439
20:36:17,15.2,15.3,15.8,15.9,75,400,3434
20:37:19,15.1,15.3,15.7,15.7,75,400,3442
20:38:22,15.1,15.1,15.7,15.7,75,400,3431
20:40:39,15.2,15.2,15.7,15.7,75,0,3437
20:41:41,15.2,15.2,15.7,15.7,76,0,3439
20:42:43,15.2,15.2,15.7,15.7,76,0,3431
20:43:46,15.1,15.1,15.8,15.7,76,400,3442
20:44:48,15.1,15.1,15.7,15.6,76,400,3437
20:45:51,15.0,15.2,15.7,15.8,76,400,3456
20:46:53,15.2,15.1,15.7,15.6,76,400,3439
20:47:55,15.1,15.1,15.7,15.7,76,400,3434
20:48:58,15.0,15.1,15.6,15.7,76,400,3415
20:50:0,15.1,15.0,15.6,15.6,76,400,3437
20:51:3,15.0,15.1,15.5,15.6,76,400,3442
20:52:5,14.9,15.0,15.6,15.6,76,400,3437
20:53:7,14.9,15.0,15.6,15.6,76,400,3442
20:54:10,15.0,15.0,15.6,15.5,76,400,3442
20:55:12,14.9,15.0,15.5,15.5,76,400,3439
20:56:15,14.9,15.0,15.6,15.5,76,400,3428
20:57:17,14.9,15.0,15.5,15.4,76,400,3431
20:58:19,15.0,14.9,15.4,15.5,76,400,3439
20:59:22,14.9,15.0,15.5,15.4,76,400,3437
21:0:24,14.9,15.0,15.3,15.5,77,400,3439
21:1:27,14.9,15.0,15.5,15.4,77,400,3426
21:2:29,14.8,14.9,15.3,15.4,77,400,3423
21:3:31,14.8,14.9,15.4,15.3,77,400,3420
21:4:34,14.8,14.9,15.4,15.3,77,400,3439
21:5:36,14.8,14.7,15.4,15.3,77,400,3434
21:6:39,14.7,14.8,15.4,15.3,77,400,3445
21:7:41,14.8,14.8,15.2,15.3,77,400,3434
21:8:43,14.7,14.8,15.3,15.3,77,400,3426
21:9:46,14.7,14.7,15.3,15.2,77,400,3439
21:10:48,14.8,14.8,15.2,15.2,77,400,3437
21:11:51,14.7,14.7,15.2,15.1,77,400,3439
21:12:53,14.8,14.7,15.1,15.2,77,400,3426
21:13:56,14.6,14.7,15.1,15.1,77,400,3445
21:14:58,14.7,14.6,15.1,15.2,77,400,3450
21:16:0,14.7,14.7,15.1,15.2,77,400,3431
21:17:3,14.6,14.7,15.2,15.1,77,500,3439
21:18:5,14.7,14.7,15.1,15.1,77,500,3448
21:19:8,14.5,14.7,15.0,15.1,77,495,3442
21:20:10,14.6,14.5,15.1,15.1,77,495,3434
21:21:13,14.6,14.5,15.0,15.1,77,483,3448
21:22:15,14.5,14.5,15.1,15.0,77,478,3434
21:23:18,14.6,14.6,14.9,14.9,77,478,3439
21:24:20,14.6,14.6,15.0,14.9,77,476,3439
21:25:22,14.5,14.4,15.0,15.0,78,476,3437
21:26:25,14.5,14.5,14.9,14.9,78,465,3442
21:27:27,14.5,14.4,14.9,15.0,77,465,3420
21:28:30,14.4,14.5,15.0,14.9,78,463,3439
21:29:32,14.5,14.5,14.9,14.9,78,463,3437
21:30:35,14.4,14.4,14.9,14.8,78,459,3437
21:31:37,14.4,14.4,14.8,14.9,78,459,3420
21:32:40,14.5,14.3,14.8,14.9,78,454,3437
21:33:42,14.4,14.4,14.8,14.8,78,450,3439
21:34:45,14.4,14.4,14.8,14.9,78,450,3426
21:35:47,14.4,14.4,14.8,14.7,78,445,3439
21:36:50,14.4,14.4,14.8,14.8,78,445,3442
21:37:52,14.3,14.3,14.8,14.8,78,441,3445
21:38:55,14.3,14.4,14.7,14.8,78,441,3431
21:41:1,14.3,14.4,14.8,14.7,78,0,3434
21:42:4,14.3,14.3,14.7,14.8,78,0,3445
21:43:6,14.3,14.2,14.8,14.7,78,0,3428
21:44:9,14.3,14.3,14.7,14.8,78,400,3423
21:45:11,14.4,14.3,14.7,14.7,78,400,3426
21:46:14,14.3,14.2,14.7,14.6,78,400,3445
21:47:16,14.2,14.3,14.7,14.7,78,400,3456
21:48:19,14.2,14.2,14.8,14.7,79,400,3439
21:49:21,14.3,14.2,14.7,14.6,78,400,3420
21:50:24,14.3,14.2,14.7,14.7,79,400,3437
21:51:26,14.1,14.2,14.6,14.6,79,400,3437
21:52:29,14.2,14.2,14.6,14.7,79,400,3442
21:53:31,14.2,14.2,14.6,14.6,79,400,3434
21:54:34,14.2,14.2,14.5,14.6,79,400,3448
21:55:36,14.1,14.2,14.6,14.5,79,400,3437
21:56:39,14.1,14.1,14.6,14.5,79,400,3434
21:57:42,14.1,14.1,14.6,14.5,79,400,3445
21:58:44,14.1,14.1,14.6,14.6,79,400,3434
21:59:47,14.3,14.1,14.5,14.6,79,400,3431
22:0:49,14.1,14.1,14.4,14.5,79,400,3431
22:1:52,14.1,14.0,14.5,14.5,79,400,3442
22:2:54,14.1,14.1,14.5,14.5,79,400,3426
22:3:57,14.1,14.0,14.5,14.5,79,400,3437
22:4:59,14.1,14.1,14.4,14.6,79,400,3437
22:6:2,14.1,14.1,14.5,14.5,79,400,3431
22:7:4,14.1,14.1,14.4,14.5,79,400,3434
22:8:7,14.1,14.1,14.4,14.5,79,400,3434
22:9:9,14.1,14.1,14.4,14.5,79,400,3434
22:10:12,14.1,14.1,14.5,14.5,79,400,3445
22:11:14,14.0,14.1,14.5,14.4,79,400,3448
22:12:17,14.1,14.0,14.3,14.5,79,400,3423
22:13:20,14.1,14.1,14.4,14.4,80,400,3445
22:14:22,14.0,14.0,14.3,14.4,79,400,3445
22:15:25,14.1,13.9,14.3,14.5,79,402,3448
22:16:27,14.1,13.9,14.3,14.3,79,400,3445
22:17:30,13.9,13.9,14.5,14.3,79,400,3437
22:18:32,13.9,14.0,14.3,14.3,80,400,3456
22:19:35,14.0,14.0,14.3,14.4,80,400,3445
22:20:37,14.0,13.9,14.4,14.3,80,400,3437
22:21:40,14.0,13.9,14.2,14.4,80,400,3426
22:22:42,13.9,14.0,14.3,14.3,80,400,3431
22:23:45,13.9,13.9,14.3,14.3,80,400,3431
22:24:47,14.0,13.7,14.3,14.2,79,400,3434
22:25:50,14.0,13.9,14.2,14.3,80,400,3431
22:26:53,13.9,13.9,14.3,14.3,80,400,3431
22:27:55,13.9,13.9,14.3,14.5,80,400,3439
22:28:58,13.8,13.9,14.3,14.3,80,400,3442
22:30:0,13.9,14.0,14.1,14.3,80,400,3437
22:31:3,13.9,13.9,14.2,14.2,80,400,3428
22:32:5,13.8,13.9,14.2,14.3,80,400,3431
22:33:8,13.9,13.9,14.3,14.2,80,400,3439
22:34:11,13.9,13.8,14.1,14.2,80,400,3434
22:35:13,13.8,13.7,14.1,14.3,80,400,3426
22:36:16,13.7,13.8,14.2,14.2,80,400,3448
22:37:18,13.9,13.8,14.1,14.3,80,400,3437
22:38:21,13.7,13.7,14.2,14.2,81,400,3442
22:39:23,13.8,13.8,14.1,14.1,80,402,3450
22:41:25,13.8,13.8,14.2,14.2,80,0,3420
22:42:27,13.8,13.7,14.1,14.1,80,0,3434
22:43:30,13.7,13.7,14.1,14.1,80,0,3428
22:44:33,13.8,13.7,14.1,14.1,80,400,3437
22:45:35,13.7,13.7,14.1,14.1,81,400,3445
22:46:38,13.8,13.7,14.0,14.1,80,400,3428
22:47:40,13.6,13.7,14.0,14.1,80,400,3439
22:48:43,13.6,13.7,14.0,14.0,81,400,3450
22:49:46,13.6,13.7,14.0,14.0,81,400,3420
22:50:48,13.6,13.6,14.0,14.0,81,400,3431
22:51:51,13.7,13.6,14.1,14.0,81,400,3431
22:52:53,13.6,13.7,14.0,13.9,81,400,3420
22:53:56,13.6,13.7,14.0,13.9,81,400,3431
22:54:59,13.6,13.6,13.9,13.9,81,400,3437
22:56:1,13.6,13.6,13.9,13.8,81,400,3431
22:57:4,13.7,13.5,13.9,13.9,81,400,3442
22:58:6,13.6,13.6,14.0,13.9,81,400,3445
22:59:9,13.6,13.5,13.9,13.9,81,400,3420
23:0:12,13.6,13.6,13.9,13.9,81,400,3439
23:1:14,13.7,13.5,13.8,13.9,81,400,3428
23:2:17,13.5,13.6,13.9,13.9,81,400,3434
23:3:19,13.5,13.5,13.7,13.8,81,400,3434
23:4:22,13.5,13.6,13.8,13.8,81,400,3434
23:5:25,13.5,13.4,13.7,13.8,81,400,3420
23:6:27,13.6,13.5,13.8,13.8,81,400,3434
23:7:30,13.5,13.5,13.7,13.8,81,400,3439
23:8:32,13.4,13.5,13.7,13.9,81,405,3426
23:9:35,13.4,13.4,13.7,13.8,81,400,3431
23:10:38,13.5,13.5,13.7,13.7,81,400,3437
23:11:40,13.5,13.5,13.7,13.7,81,400,3445
23:12:43,13.5,13.5,13.7,13.7,81,400,3434
23:13:46,13.5,13.4,13.6,13.7,81,400,3445
23:14:48,13.6,13.5,13.8,13.8,81,400,3437
23:15:51,13.4,13.4,13.7,13.7,82,400,3431
23:16:53,13.5,13.4,13.7,13.8,81,400,3437
23:17:56,13.4,13.4,13.8,13.7,82,400,3431
23:18:59,13.3,13.4,13.8,13.7,82,405,3423
23:20:1,13.4,13.4,13.7,13.7,82,400,3439
23:21:4,13.5,13.3,13.8,13.7,82,400,3428
23:22:7,13.3,13.4,13.9,13.8,82,400,3428
23:23:9,13.4,13.4,13.7,13.8,82,400,3434
23:24:12,13.4,13.4,13.8,13.7,82,400,3431
23:25:14,13.2,13.3,13.8,13.8,82,400,3431
23:26:17,13.4,13.4,13.7,13.8,82,400,3458
23:27:20,13.4,13.3,13.7,13.7,82,400,3420
23:28:22,13.3,13.4,13.7,13.7,82,400,3437
23:29:25,13.4,13.4,13.8,13.7,82,403,3442
23:30:27,13.4,13.3,13.8,13.7,82,400,3437
23:31:30,13.3,13.4,13.9,13.9,82,403,3426
23:32:33,13.5,13.4,13.8,13.9,82,400,3437
23:33:35,13.4,13.4,13.9,13.8,82,403,3442
23:34:38,13.4,13.4,13.7,13.6,82,400,3442
23:35:41,13.4,13.4,13.8,13.8,82,403,3445
23:36:43,13.3,13.4,13.8,13.8,82,400,3426
23:37:46,13.3,13.3,13.8,13.9,82,400,3415
23:38:48,13.4,13.4,13.9,13.9,82,400,3439
23:39:51,13.4,13.4,13.8,13.8,82,400,3428
23:41:48,13.5,13.4,13.7,13.7,82,0,3434
23:42:51,13.4,13.4,13.8,13.9,83,0,3428
23:43:53,13.5,13.3,13.8,13.9,82,0,3423
23:44:56,13.3,13.4,13.8,13.7,83,400,3415
23:45:58,13.5,13.5,13.7,13.8,83,400,3415
23:47:1,13.4,13.5,13.8,13.9,83,400,3437
23:48:4,13.4,13.4,13.9,13.8,83,400,3431
23:49:6,13.4,13.3,13.8,13.9,83,400,3437
23:50:9,13.4,13.4,13.8,13.9,83,402,3434
23:51:12,13.4,13.4,13.8,13.9,83,400,3420
23:52:14,13.4,13.4,13.7,13.9,83,402,3439
23:53:17,13.3,13.4,13.9,13.9,83,400,3445
23:54:19,13.3,13.4,13.9,13.9,83,402,3439
23:55:22,13.3,13.4,13.9,13.8,83,402,3426
23:56:25,13.4,13.4,13.9,13.8,83,402,3428
23:57:27,13.3,13.4,13.9,13.9,83,402,3445
23:58:30,13.4,13.5,13.9,13.9,83,406,3426
23:59:33,13.4,13.4,13.8,13.8,83,402,3434
0:0:35,13.4,13.3,13.9,13.9,83,402,3431
